Simple plain text exporter for demo purposes

See http://www.grantlee.org/apidox/for_themers.html for more information

Custom values (from the <bodies> section)
    Grav: 9.81

List of all bodies:


    Name:               t2
    Custom values (from the <bodies> section):
        Identifier:     0
        FixedRotation:  NO

        AnchorPointRel: { 0.500,0.500 }
        AnchorPointAbs: { 375.000,800.000 }
        Size:           { 750.000,1600.000 }
    
    List of all fixtures:

        ----------------------------------------------------------
        fixtureType:             POLYGON

        Custom values (from the <fixtures> section):
            density:             2
            friction:            0
            restitution:         0
            isSensor:            NO
            filter_groupIndex:   0
            filter_categoryBits: 1
            filter_maskBits:     65535


        Hull polygon:
             (-188, 172.5)  , (-114, 172.5)  , (-113, 173.5)  , (-110, 173.5)  , (-106, 175.5)  , (-100.5, 181)  , (-98.5, 185)  , (-97.5, 188)  , (-97.5, 241)  , (-98.5, 242)  , (-98.5, 245)  , (-100.5, 249)  , (-144, 292.5)  , (-148, 294.5)  , (-152, 294.5)  , (-154, 295.5)  , (-155, 294.5)  , (-159, 294.5)  , (-163, 292.5)  , (-206.5, 249)  , (-208.5, 245)  , (-208.5, 242)  , (-209.5, 241)  , (-209.5, 188)  , (-208.5, 187)  , (-208.5, 185)  , (-206.5, 181)  , (-201, 175.5)  , (-197, 173.5)  , (-189, 172.5) 

        Convex sub polygons:

             (-155, 294.5)  , (-152, 294.5)  , (-154, 295.5) 
             (-155, 294.5)  , (-163, 292.5)  , (-206.5, 249)  , (-98.5, 242)  , (-100.5, 249)  , (-144, 292.5)  , (-148, 294.5) 
             (-163, 292.5)  , (-155, 294.5)  , (-159, 294.5) 
             (-106, 175.5)  , (-100.5, 181)  , (-98.5, 185)  , (-97.5, 188)  , (-97.5, 241)  , (-98.5, 242)  , (-113, 173.5)  , (-110, 173.5) 
             (-100.5, 249)  , (-98.5, 242)  , (-98.5, 245) 
             (-208.5, 242)  , (-98.5, 242)  , (-206.5, 249)  , (-208.5, 245) 
             (-206.5, 181)  , (-201, 175.5)  , (-197, 173.5)  , (-189, 172.5)  , (-114, 172.5)  , (-208.5, 187)  , (-208.5, 185) 
             (-209.5, 188)  , (-208.5, 187)  , (-114, 172.5)  , (-113, 173.5)  , (-98.5, 242)  , (-208.5, 242)  , (-209.5, 241) 


        ----------------------------------------------------------
        fixtureType:             POLYGON

        Custom values (from the <fixtures> section):
            density:             2
            friction:            0
            restitution:         0
            isSensor:            NO
            filter_groupIndex:   0
            filter_categoryBits: 1
            filter_maskBits:     65535


        Hull polygon:
             (-226, 257.5)  , (-223, 257.5)  , (-222, 258.5)  , (-217, 260.5)  , (-176.5, 301)  , (-176.5, 302)  , (-173.5, 307)  , (-173.5, 314)  , (-174.5, 315)  , (-176.5, 320)  , (-217, 360.5)  , (-218, 360.5)  , (-223, 363.5)  , (-279, 363.5)  , (-280, 362.5)  , (-282, 362.5)  , (-287.5, 358)  , (-287.5, 357)  , (-289.5, 355)  , (-289.5, 353)  , (-290.5, 352)  , (-290.5, 269)  , (-289.5, 268)  , (-289.5, 266)  , (-285, 260.5)  , (-284, 260.5)  , (-282, 258.5)  , (-280, 258.5)  , (-279, 257.5)  , (-227, 257.5) 

        Convex sub polygons:

             (-289.5, 353)  , (-218, 360.5)  , (-280, 362.5)  , (-287.5, 357)  , (-289.5, 355) 
             (-280, 258.5)  , (-289.5, 268)  , (-284, 260.5)  , (-282, 258.5) 
             (-222, 258.5)  , (-226, 257.5)  , (-223, 257.5) 
             (-173.5, 314)  , (-174.5, 315)  , (-176.5, 302)  , (-173.5, 307) 
             (-287.5, 358)  , (-287.5, 357)  , (-280, 362.5)  , (-282, 362.5) 
             (-285, 260.5)  , (-284, 260.5)  , (-289.5, 268)  , (-289.5, 266) 
             (-176.5, 320)  , (-217, 360.5)  , (-218, 360.5)  , (-290.5, 352)  , (-227, 257.5)  , (-226, 257.5)  , (-176.5, 302)  , (-174.5, 315) 
             (-217, 260.5)  , (-176.5, 301)  , (-176.5, 302)  , (-226, 257.5)  , (-222, 258.5) 
             (-279, 363.5)  , (-280, 362.5)  , (-218, 360.5)  , (-223, 363.5) 
             (-227, 257.5)  , (-290.5, 352)  , (-290.5, 269)  , (-279, 257.5) 
             (-290.5, 352)  , (-218, 360.5)  , (-289.5, 353) 


        ----------------------------------------------------------
        fixtureType:             POLYGON

        Custom values (from the <fixtures> section):
            density:             2
            friction:            0
            restitution:         0
            isSensor:            NO
            filter_groupIndex:   0
            filter_categoryBits: 1
            filter_maskBits:     65535


        Hull polygon:
             (-146, 331.5)  , (-145, 332.5)  , (-144, 332.5)  , (-103.5, 373)  , (-103.5, 374)  , (-100.5, 379)  , (-100.5, 435)  , (-101.5, 436)  , (-101.5, 438)  , (-106, 443.5)  , (-107, 443.5)  , (-109, 445.5)  , (-111, 445.5)  , (-112, 446.5)  , (-195, 446.5)  , (-196, 445.5)  , (-198, 445.5)  , (-203.5, 441)  , (-203.5, 440)  , (-205.5, 438)  , (-205.5, 436)  , (-206.5, 435)  , (-206.5, 379)  , (-205.5, 378)  , (-203.5, 373)  , (-163, 332.5)  , (-162, 332.5)  , (-157, 329.5)  , (-150, 329.5)  , (-147, 331.5) 

        Convex sub polygons:

             (-145, 332.5)  , (-162, 332.5)  , (-147, 331.5)  , (-146, 331.5) 
             (-111, 445.5)  , (-103.5, 374)  , (-101.5, 436)  , (-107, 443.5)  , (-109, 445.5) 
             (-205.5, 436)  , (-196, 445.5)  , (-203.5, 440)  , (-205.5, 438) 
             (-150, 329.5)  , (-147, 331.5)  , (-162, 332.5)  , (-157, 329.5) 
             (-106, 443.5)  , (-107, 443.5)  , (-101.5, 436)  , (-101.5, 438) 
             (-203.5, 441)  , (-203.5, 440)  , (-196, 445.5)  , (-198, 445.5) 
             (-100.5, 435)  , (-101.5, 436)  , (-103.5, 374)  , (-100.5, 379) 
             (-163, 332.5)  , (-162, 332.5)  , (-103.5, 373)  , (-103.5, 374)  , (-195, 446.5)  , (-196, 445.5)  , (-205.5, 378)  , (-203.5, 373) 
             (-206.5, 379)  , (-205.5, 378)  , (-196, 445.5)  , (-206.5, 435) 
             (-112, 446.5)  , (-195, 446.5)  , (-103.5, 374)  , (-111, 445.5) 
             (-103.5, 373)  , (-162, 332.5)  , (-144, 332.5) 


        ----------------------------------------------------------
        fixtureType:             POLYGON

        Custom values (from the <fixtures> section):
            density:             2
            friction:            0
            restitution:         0
            isSensor:            NO
            filter_groupIndex:   0
            filter_categoryBits: 1
            filter_maskBits:     65535


        Hull polygon:
             (-42, 257.5)  , (-29, 257.5)  , (-28, 258.5)  , (-26, 258.5)  , (-20.5, 263)  , (-20.5, 264)  , (-18.5, 266)  , (-18.5, 268)  , (-17.5, 269)  , (-17.5, 352)  , (-18.5, 353)  , (-18.5, 355)  , (-23, 360.5)  , (-24, 360.5)  , (-26, 362.5)  , (-28, 362.5)  , (-29, 363.5)  , (-85, 363.5)  , (-86, 362.5)  , (-91, 360.5)  , (-131.5, 320)  , (-131.5, 319)  , (-134.5, 314)  , (-134.5, 307)  , (-133.5, 306)  , (-131.5, 301)  , (-91, 260.5)  , (-90, 260.5)  , (-85, 257.5)  , (-43, 257.5) 

        Convex sub polygons:

             (-18.5, 268)  , (-42, 257.5)  , (-28, 258.5)  , (-20.5, 264)  , (-18.5, 266) 
             (-28, 362.5)  , (-18.5, 353)  , (-24, 360.5)  , (-26, 362.5) 
             (-134.5, 307)  , (-133.5, 306)  , (-131.5, 319)  , (-134.5, 314) 
             (-20.5, 263)  , (-20.5, 264)  , (-28, 258.5)  , (-26, 258.5) 
             (-23, 360.5)  , (-24, 360.5)  , (-18.5, 353)  , (-18.5, 355) 
             (-131.5, 301)  , (-91, 260.5)  , (-90, 260.5)  , (-131.5, 319)  , (-133.5, 306) 
             (-28, 258.5)  , (-42, 257.5)  , (-29, 257.5) 
             (-42, 257.5)  , (-18.5, 353)  , (-131.5, 320)  , (-131.5, 319)  , (-90, 260.5)  , (-85, 257.5) 
             (-131.5, 320)  , (-18.5, 353)  , (-86, 362.5)  , (-91, 360.5) 
             (-17.5, 269)  , (-17.5, 352)  , (-18.5, 353)  , (-42, 257.5)  , (-18.5, 268) 
             (-85, 363.5)  , (-86, 362.5)  , (-18.5, 353)  , (-29, 363.5) 


        ----------------------------------------------------------
        fixtureType:             POLYGON

        Custom values (from the <fixtures> section):
            density:             2
            friction:            0
            restitution:         0
            isSensor:            NO
            filter_groupIndex:   0
            filter_categoryBits: 1
            filter_maskBits:     65535


        Hull polygon:
             (105, 262.5)  , (114, 265.5)  , (120.31914893617022, 268.936170212766)  , (126, 272.5)  , (133.29787234042556, 279.5744680851062)  , (138, 284.5)  , (142.5, 291)  , (147.5, 302)  , (150.5, 317)  , (150.5, 326)  , (147.5, 341)  , (138.5, 358)  , (126.5, 370)  , (114, 377.5)  , (94, 382.5)  , (85, 382.5)  , (70, 379.5)  , (53, 370.5)  , (41, 358.5)  , (33.5, 346)  , (28.5, 326)  , (28.5, 317)  , (31.5, 302)  , (40.5, 285)  , (52.5, 273)  , (59, 268.5)  , (70, 263.5)  , (85, 260.5)  , (94, 260.5)  , (104, 262.5) 

        Convex sub polygons:

             (126.5, 370)  , (94, 382.5)  , (52.5, 273)  , (133.29788208007812, 279.574462890625)  , (142.5, 291)  , (150.5, 326)  , (147.5, 341)  , (138.5, 358) 
             (41, 358.5)  , (33.5, 346)  , (28.5, 326)  , (52.5, 273)  , (94, 382.5)  , (85, 382.5)  , (70, 379.5)  , (53, 370.5) 
             (52.5, 273)  , (28.5, 326)  , (28.5, 317)  , (31.5, 302)  , (40.5, 285) 
             (94, 382.5)  , (126.5, 370)  , (114, 377.5) 
             (150.5, 317)  , (150.5, 326)  , (142.5, 291)  , (147.5, 302) 
             (85, 260.5)  , (94, 260.5)  , (104, 262.5)  , (52.5, 273)  , (59, 268.5)  , (70, 263.5) 
             (133.29788208007812, 279.574462890625)  , (52.5, 273)  , (104, 262.5)  , (105, 262.5)  , (114, 265.5)  , (120.31915283203125, 268.9361572265625)  , (126, 272.5) 
             (142.5, 291)  , (133.29788208007812, 279.574462890625)  , (138, 284.5) 


        ----------------------------------------------------------
        fixtureType:             POLYGON

        Custom values (from the <fixtures> section):
            density:             2
            friction:            0
            restitution:         0
            isSensor:            NO
            filter_groupIndex:   0
            filter_categoryBits: 1
            filter_maskBits:     65535


        Hull polygon:
             (214, 189.5)  , (215, 188.5)  , (224, 188.5)  , (239, 191.5)  , (256, 200.5)  , (268, 212.5)  , (272.5, 219)  , (277.5, 230)  , (280.5, 245)  , (280.5, 254)  , (277.5, 269)  , (268.5, 286)  , (256.5, 298)  , (250, 302.5)  , (239, 307.5)  , (224, 310.5)  , (215, 310.5)  , (200, 307.5)  , (183, 298.5)  , (171, 286.5)  , (166.5, 280)  , (161.5, 269)  , (158.5, 254)  , (158.5, 245)  , (161.5, 230)  , (170.5, 213)  , (182.5, 201)  , (189, 196.5)  , (200, 191.5)  , (213, 189.5) 

        Convex sub polygons:

             (268, 212.5)  , (256.5, 298)  , (171, 286.5)  , (166.5, 280)  , (214, 189.5)  , (224, 188.5)  , (239, 191.5)  , (256, 200.5) 
             (256.5, 298)  , (268, 212.5)  , (272.5, 219)  , (277.5, 230)  , (280.5, 245)  , (280.5, 254)  , (277.5, 269)  , (268.5, 286) 
             (171, 286.5)  , (256.5, 298)  , (250, 302.5)  , (239, 307.5)  , (224, 310.5)  , (215, 310.5)  , (200, 307.5)  , (183, 298.5) 
             (182.5, 201)  , (213, 189.5)  , (214, 189.5)  , (166.5, 280)  , (158.5, 254)  , (158.5, 245)  , (161.5, 230)  , (170.5, 213) 
             (213, 189.5)  , (182.5, 201)  , (189, 196.5)  , (200, 191.5) 
             (158.5, 254)  , (166.5, 280)  , (161.5, 269) 
             (224, 188.5)  , (214, 189.5)  , (215, 188.5) 


        ----------------------------------------------------------
        fixtureType:             POLYGON

        Custom values (from the <fixtures> section):
            density:             2
            friction:            0
            restitution:         0
            isSensor:            NO
            filter_groupIndex:   0
            filter_categoryBits: 1
            filter_maskBits:     65535


        Hull polygon:
             (-1, 439.5)  , (21, 423.5)  , (27, 421.5)  , (31.842105263157862, 421.1578947368421)  , (39, 421.5)  , (40, 422.5)  , (43, 422.5)  , (47, 425)  , (50, 426.5)  , (54, 430)  , (58.5, 436)  , (60.5, 442)  , (60.5, 446)  , (61.5, 447)  , (60.5, 456)  , (56.5, 465)  , (49, 472.5)  , (42, 476.5)  , (35, 482.5)  , (28, 486.5)  , (-16, 518.5)  , (-23, 521.5)  , (-37, 521.5)  , (-46, 517.5)  , (-53.5, 510)  , (-57.5, 501)  , (-57.5, 488)  , (-54.5, 480)  , (-48, 472.5)  , (-2, 439.5) 

        Convex sub polygons:

             (47, 425)  , (60.5, 446)  , (-1, 439.5)  , (21, 423.5)  , (40, 422.5)  , (43, 422.5) 
             (-57.5, 488)  , (-48, 472.5)  , (-2, 439.5)  , (-23, 521.5)  , (-37, 521.5)  , (-46, 517.5)  , (-53.5, 510)  , (-57.5, 501) 
             (49, 472.5)  , (42, 476.5)  , (61.5, 447)  , (60.5, 456)  , (56.5, 465) 
             (-48, 472.5)  , (-57.5, 488)  , (-54.5, 480) 
             (60.5, 442)  , (60.5, 446)  , (47, 425)  , (50, 426.5)  , (54, 430)  , (58.5, 436) 
             (40, 422.5)  , (21, 423.5)  , (27, 421.5)  , (31.84210205078125, 421.15789794921875)  , (39, 421.5) 
             (28, 486.5)  , (61.5, 447)  , (42, 476.5)  , (35, 482.5) 
             (-16, 518.5)  , (-23, 521.5)  , (-2, 439.5)  , (-1, 439.5)  , (60.5, 446)  , (61.5, 447)  , (28, 486.5) 


        ----------------------------------------------------------
        fixtureType:             POLYGON

        Custom values (from the <fixtures> section):
            density:             2
            friction:            0
            restitution:         0
            isSensor:            NO
            filter_groupIndex:   0
            filter_categoryBits: 1
            filter_maskBits:     65535


        Hull polygon:
             (122, 444.5)  , (151, 423.5)  , (157, 421.5)  , (169, 421.5)  , (179, 425.5)  , (186.5, 433)  , (190.5, 442)  , (191.5, 451)  , (190.5, 452)  , (189.5, 459)  , (186.5, 465)  , (179, 472.5)  , (158, 486.5)  , (120, 514.5)  , (107, 521.5)  , (101, 521.5)  , (100, 522.5)  , (99, 521.5)  , (90, 520.5)  , (84, 517.5)  , (76.5, 510)  , (73.5, 504)  , (73.5, 501)  , (72.5, 500)  , (72.5, 488)  , (73.5, 487)  , (73.5, 484)  , (75.5, 480)  , (82, 472.5)  , (121, 444.5) 

        Convex sub polygons:

             (99, 521.5)  , (72.5, 488)  , (101, 521.5)  , (100, 522.5) 
             (186.5, 433)  , (190.5, 442)  , (191.5, 451)  , (122, 444.5)  , (151, 423.5)  , (157, 421.5)  , (169, 421.5)  , (179, 425.5) 
             (75.5, 480)  , (82, 472.5)  , (121, 444.5)  , (122, 444.5)  , (73.5, 487)  , (73.5, 484) 
             (186.5, 465)  , (179, 472.5)  , (158, 486.5)  , (190.5, 452)  , (189.5, 459) 
             (84, 517.5)  , (76.5, 510)  , (73.5, 501)  , (72.5, 488)  , (99, 521.5)  , (90, 520.5) 
             (73.5, 501)  , (76.5, 510)  , (73.5, 504) 
             (101, 521.5)  , (72.5, 488)  , (73.5, 487)  , (122, 444.5)  , (190.5, 452)  , (158, 486.5)  , (120, 514.5)  , (107, 521.5) 
             (72.5, 488)  , (73.5, 501)  , (72.5, 500) 
             (190.5, 452)  , (122, 444.5)  , (191.5, 451) 




    Name:               a
    Custom values (from the <bodies> section):
        Identifier:     0
        FixedRotation:  NO

        AnchorPointRel: { 0.502,0.501 }
        AnchorPointAbs: { 112.950,234.969 }
        Size:           { 225.000,469.000 }
    
    List of all fixtures:

        ----------------------------------------------------------
        fixtureType:             POLYGON

        Custom values (from the <fixtures> section):
            density:             2
            friction:            0
            restitution:         0
            isSensor:            NO
            filter_groupIndex:   0
            filter_categoryBits: 1
            filter_maskBits:     65535


        Hull polygon:
             (-55.95, -216.469)  , (93.05, -214.469)  , (57.05, 214.531)  , (-6.950000000000003, 215.531)  , (-18.950000000000003, 221.531)  , (-30.950000000000003, 215.531)  , (-93.95, 213.531)  , (-56.95, -216.469) 

        Convex sub polygons:

             (-30.950000000000003, 215.531)  , (-56.95, -216.469)  , (-55.95, -216.469)  , (-6.950000000000003, 215.531)  , (-18.950000000000003, 221.531) 
             (57.05, 214.531)  , (-6.950000000000003, 215.531)  , (-55.95, -216.469)  , (93.05, -214.469) 
             (-56.95, -216.469)  , (-30.950000000000003, 215.531)  , (-93.95, 213.531) 



